# Copyright © VASP Software GmbH,
# Licensed under the Apache License 2.0 (http://www.apache.org/licenses/LICENSE-2.0)
import numpy as np

from py4vasp import _demo, exception, raw


def elastic_modulus(selection="dft"):
    if selection in ["dft", "dft with structure"]:
        structure = (
            None if (selection != "dft with structure") else _demo.structure.Fe3O4()
        )
        shape = (2, _demo.AXES, _demo.AXES, _demo.AXES, _demo.AXES)
        data = np.arange(np.prod(shape)).reshape(shape)
        return raw.ElasticModulus(
            clamped_ion=data[0], relaxed_ion=data[1], structure=structure
        )
    elif selection == "SiC":
        structure = _demo.structure.SiC_fcc_disturbed()
        clamped_ion = np.array(
            [
                [
                    [
                        [4.13274012e03, -2.13339482e01, -1.42358419e01],
                        [-2.13339413e01, 1.35324200e03, -2.86448542e-01],
                        [-1.42358395e01, -2.86449066e-01, 1.35418455e03],
                    ],
                    [
                        [-2.13339482e01, 2.73733054e03, -2.48715111e-01],
                        [2.73733054e03, 1.76720199e01, 2.14183163e-01],
                        [-2.48717542e-01, 2.14187567e-01, -8.91605612e-01],
                    ],
                    [
                        [-1.42358419e01, -2.48715111e-01, 2.73666372e03],
                        [-2.48713436e-01, -2.57545573e-01, -6.20024255e-01],
                        [2.73666372e03, -6.20026000e-01, 1.41865102e01],
                    ],
                ],
                [
                    [
                        [-2.13339413e01, 2.73733054e03, -2.48713436e-01],
                        [2.73733054e03, 1.76720176e01, 2.14187630e-01],
                        [-2.48715868e-01, 2.14192034e-01, -8.91606677e-01],
                    ],
                    [
                        [1.35324200e03, 1.76720199e01, -2.57545573e-01],
                        [1.76720176e01, 4.12487060e03, 7.51127006e00],
                        [-2.57547450e-01, 7.51126692e00, 1.35825968e03],
                    ],
                    [
                        [-2.86448542e-01, 2.14183163e-01, -6.20024255e-01],
                        [2.14187630e-01, 7.51127006e00, 2.73920405e03],
                        [-6.20019547e-01, 2.73920405e03, -7.97094511e00],
                    ],
                ],
                [
                    [
                        [-1.42358395e01, -2.48717542e-01, 2.73666372e03],
                        [-2.48715868e-01, -2.57547450e-01, -6.20019547e-01],
                        [2.73666372e03, -6.20021291e-01, 1.41865150e01],
                    ],
                    [
                        [-2.86449066e-01, 2.14187567e-01, -6.20026000e-01],
                        [2.14192034e-01, 7.51126692e00, 2.73920405e03],
                        [-6.20021291e-01, 2.73920406e03, -7.97094393e00],
                    ],
                    [
                        [1.35418455e03, -8.91605612e-01, 1.41865102e01],
                        [-8.91606677e-01, 1.35825968e03, -7.97094511e00],
                        [1.41865150e01, -7.97094393e00, 4.12338804e03],
                    ],
                ],
            ]
        )

        relaxed_ion = np.array(
            [
                [
                    [
                        [4.13264441e03, -1.73515489e01, -1.16190934e01],
                        [-1.73515489e01, 1.35328954e03, -2.38376663e-01],
                        [-1.16190934e01, -2.38376663e-01, 1.35420649e03],
                    ],
                    [
                        [-1.73515556e01, 2.49490042e03, -8.55161051e-01],
                        [2.49490042e03, 1.47231428e01, 6.03449910e-03],
                        [-8.55161051e-01, 6.03449910e-03, -6.55071550e-01],
                    ],
                    [
                        [-1.16190934e01, -8.55151699e-01, 2.49423389e03],
                        [-8.55151699e-01, -2.78556933e-01, -5.83911283e-01],
                        [2.49423389e03, -5.83911283e-01, 1.16798684e01],
                    ],
                ],
                [
                    [
                        [-1.73515489e01, 2.49490042e03, -8.55151699e-01],
                        [2.49490042e03, 1.47231406e01, 6.03707729e-03],
                        [-8.55151699e-01, 6.03707729e-03, -6.55072575e-01],
                    ],
                    [
                        [1.35328954e03, 1.47231406e01, -2.78556933e-01],
                        [1.47231406e01, 4.12482650e03, 6.21303104e00],
                        [-2.78556933e-01, 6.21303104e00, 1.35826978e03],
                    ],
                    [
                        [-2.38376163e-01, 6.02898775e-03, -5.83901129e-01],
                        [6.02898775e-03, 6.21303417e00, 2.49782706e03],
                        [-5.83901129e-01, 2.49782706e03, -6.49716913e00],
                    ],
                ],
                [
                    [
                        [-1.16190910e01, -8.55156468e-01, 2.49423389e03],
                        [-8.55156468e-01, -2.78558832e-01, -5.83909163e-01],
                        [2.49423389e03, -5.83909163e-01, 1.16798733e01],
                    ],
                    [
                        [-2.38376663e-01, 6.03707729e-03, -5.83911283e-01],
                        [6.03707729e-03, 6.21303104e00, 2.49782706e03],
                        [-5.83911283e-01, 2.49782706e03, -6.49716802e00],
                    ],
                    [
                        [1.35420649e03, -6.55072575e-01, 1.16798684e01],
                        [-6.55072575e-01, 1.35826978e03, -6.49716802e00],
                        [1.16798684e01, -6.49716802e00, 4.12335157e03],
                    ],
                ],
            ]
        )

        return raw.ElasticModulus(
            clamped_ion=clamped_ion, relaxed_ion=relaxed_ion, structure=structure
        )
    else:
        raise exception.NotImplemented(
            f"Demo data for Elastic Modulus and selection '{selection}' is not implemented."
        )
